[1,0.896252846,0.92421062,0.925597559,0.924220416,0.924650954,0.924445309,0.914699278,0.776375963,0.826029257,0.829054595,0.826186598,0.828966278,0.827435075],
[0.896252846,1,0.970615215,0.970797109,0.970061975,0.969547219,0.969494881,0.81195165,0.890915403,0.867974093,0.868433945,0.86690804,0.867948584,0.866936167],
[0.92421062,0.970615215,1,0.996607126,0.996536171,0.996491707,0.996388245,0.836735729,0.840882787,0.896287599,0.892471187,0.891937681,0.893715499,0.892119894],
[0.925597559,0.970797109,0.996607126,1,0.999171896,0.999310673,0.99912523,0.83609904,0.839192127,0.890086574,0.894931051,0.893152936,0.895222611,0.893422028],
[0.924220416,0.970061975,0.996536171,0.999171896,1,0.999695637,0.999686249,0.834865087,0.838765918,0.890316941,0.894179832,0.894346472,0.895817068,0.894174003],
[0.924650954,0.969547219,0.996491707,0.999310673,0.999695637,1,0.999894115,0.834734546,0.837671071,0.88986367,0.893933549,0.893647529,0.895881286,0.894193638],
[0.924445309,0.969494881,0.996388245,0.99912523,0.999686249,0.999894115,1,0.834466019,0.837737778,0.889860223,0.893804037,0.893697047,0.895779777,0.894344605],
[0.914699278,0.81195165,0.836735729,0.83609904,0.834865087,0.834734546,0.834466019,1,0.818088638,0.863687116,0.864819228,0.860224453,0.862435292,0.860353783],
[0.776375963,0.890915403,0.840882787,0.839192127,0.838765918,0.837671071,0.837737778,0.818088638,1,0.915929977,0.915182081,0.913463492,0.910962304,0.911426341],
[0.826029257,0.867974093,0.896287599,0.890086574,0.890316941,0.88986367,0.889860223,0.863687116,0.915929977,1,0.983608503,0.984155913,0.982903547,0.981955975],
[0.829054595,0.868433945,0.892471187,0.894931051,0.894179832,0.893933549,0.893804037,0.864819228,0.915182081,0.983608503,1,0.993112625,0.993311159,0.991753419],
[0.826186598,0.86690804,0.891937681,0.893152936,0.894346472,0.893647529,0.893697047,0.860224453,0.913463492,0.984155913,0.993112625,1,0.995653639,0.995607858],
[0.828966278,0.867948584,0.893715499,0.895222611,0.895817068,0.895881286,0.895779777,0.862435292,0.910962304,0.982903547,0.993311159,0.995653639,1,0.99825694],
[0.827435075,0.866936167,0.892119894,0.893422028,0.894174003,0.894193638,0.894344605,0.860353783,0.911426341,0.981955975,0.991753419,0.995607858,0.99825694,1]