[1,0.949244784,0.936794678,0.935147633,0.934536852,0.934226575,0.934011266,0.684755383,0.613326012,0.656679277,0.653982429,0.643948892,0.638697275,0.632261928].
[0.949244784,1,0.982501611,0.981247496,0.98061563,0.980084945,0.97986694,0.661620781,0.656126618,0.689549014,0.68767909,0.678239054,0.673420168,0.666495192].
[0.936794678,0.982501611,1,0.997565884,0.996977399,0.996627082,0.996440136,0.657388057,0.646029108,0.703457938,0.701813533,0.692555161,0.688461981,0.68163968].
[0.935147633,0.981247496,0.997565884,1,0.999354119,0.999109226,0.998968797,0.656908227,0.646686124,0.704096405,0.707468255,0.698348284,0.694153326,0.687427076].
[0.934536852,0.98061563,0.996977399,0.999354119,1,0.9997747,0.999693188,0.657124587,0.647313481,0.704817172,0.708556631,0.700641757,0.696818095,0.690151003].
[0.934226575,0.980084945,0.996627082,0.999109226,0.9997747,1,0.999929095,0.657045902,0.647326325,0.704731804,0.708826912,0.701028026,0.697643637,0.691114382].
[0.934011266,0.97986694,0.996440136,0.998968797,0.999693188,0.999929095,1,0.657043141,0.647396297,0.704841778,0.709001759,0.701227769,0.697970129,0.691580711].
[0.684755383,0.661620781,0.657388057,0.656908227,0.657124587,0.657045902,0.657043141,1,0.732517057,0.755820317,0.753355113,0.737699247,0.726227977,0.718458551].
[0.613326012,0.656126618,0.646029108,0.646686124,0.647313481,0.647326325,0.647396297,0.732517057,1,0.829965425,0.827451669,0.805534223,0.791761466,0.782797578].
[0.656679277,0.689549014,0.703457938,0.704096405,0.704817172,0.704731804,0.704841778,0.755820317,0.829965425,1,0.929313927,0.920276725,0.905574018,0.894097922].
[0.653982429,0.68767909,0.701813533,0.707468255,0.708556631,0.708826912,0.709001759,0.753355113,0.827451669,0.929313927,1,0.957930137,0.948284435,0.940991846].
[0.643948892,0.678239054,0.692555161,0.698348284,0.700641757,0.701028026,0.701227769,0.737699247,0.805534223,0.920276725,0.957930137,1,0.966484506,0.963200499].
[0.638697275,0.673420168,0.688461981,0.694153326,0.696818095,0.697643637,0.697970129,0.726227977,0.791761466,0.905574018,0.948284435,0.966484506,1,0.976272396].
[0.632261928,0.666495192,0.68163968,0.687427076,0.690151003,0.691114382,0.691580711,0.718458551,0.782797578,0.894097922,0.940991846,0.963200499,0.976272396,1]]